0 0
1 0
2 1
3 1
4 7
5 9
6 95
7 141
8 598
9 952
10 2499
11 3650
12 5628
13 6845
14 7639
15 8029
16 8194
17 8251
18 8280
19 8293
20 8298
21 8300
22 8301
23 8301
24 8301
25 8301
26 8301
27 8301
28 8301
29 8301
30 8301
31 8301
32 8301
33 8301
34 8301
35 8301
36 8301
37 8301
38 8301
39 8301
40 8301
41 8301
42 8301
43 8301
44 8301
45 8301
46 8301
47 8301
48 8301
49 8301
50 8301
51 8301
52 8301
53 8301
54 8301
55 8301
56 8301
57 8301
58 8301
59 8301
60 8301
61 8301
62 8301
63 8301
64 8301
65 8301
66 8301
67 8301
68 8301
69 8301
70 8301
71 8301
72 8301
73 8301
74 8301
75 8301
76 8301
77 8301
78 8301
79 8301
80 8301
81 8301
82 8301
83 8301
84 8301
85 8301
86 8301
87 8301
88 8301
89 8301
90 8301
91 8301
92 8301
93 8301
94 8301
95 8301
96 8301
97 8301
98 8301
99 8301
