0 0
1 0
2 0
3 0
4 1
5 1
6 16
7 27
8 119
9 187
10 502
11 727
12 1127
13 1370
14 1518
15 1597
16 1625
17 1634
18 1637
19 1640
20 1642
21 1645
22 1646
23 1646
24 1646
25 1646
26 1646
27 1646
28 1646
29 1646
30 1646
31 1646
32 1646
33 1646
34 1646
35 1646
36 1646
37 1646
38 1646
39 1646
40 1646
41 1646
42 1646
43 1646
44 1646
45 1646
46 1646
47 1646
48 1646
49 1646
50 1646
51 1646
52 1646
53 1646
54 1646
55 1646
56 1646
57 1646
58 1646
59 1646
60 1646
61 1646
62 1646
63 1646
64 1646
65 1646
66 1646
67 1646
68 1646
69 1646
70 1646
71 1646
72 1646
73 1646
74 1646
75 1646
76 1646
77 1646
78 1646
79 1646
80 1646
81 1646
82 1646
83 1646
84 1646
85 1646
86 1646
87 1646
88 1646
89 1646
90 1646
91 1646
92 1646
93 1646
94 1646
95 1646
96 1646
97 1646
98 1646
99 1646
