0 0
1 0
2 1
3 1
4 2
5 3
6 5
7 5
8 13
9 15
10 32
11 38
12 69
13 76
14 136
15 180
16 299
17 407
18 614
19 847
20 1244
21 1711
22 2416
23 3160
24 4069
25 4891
26 5638
27 6239
28 6679
29 7001
30 7174
31 7303
32 7377
33 7423
34 7445
35 7465
36 7470
37 7477
38 7478
39 7482
40 7482
41 7482
42 7483
43 7483
44 7483
45 7483
46 7483
47 7483
48 7483
49 7483
50 7483
51 7483
52 7483
53 7483
54 7483
55 7483
56 7483
57 7483
58 7483
59 7483
60 7483
61 7483
62 7483
63 7483
64 7483
65 7483
66 7483
67 7483
68 7483
69 7483
70 7483
71 7483
72 7483
73 7483
74 7483
75 7483
76 7483
77 7483
78 7483
79 7483
80 7483
81 7483
82 7483
83 7483
84 7483
85 7483
86 7483
87 7483
88 7483
89 7483
90 7483
91 7483
92 7483
93 7483
94 7483
95 7483
96 7483
97 7483
98 7483
99 7483
