0 1
1 2
2 2
3 5
4 6
5 13
6 16
7 28
8 29
9 52
10 58
11 105
12 137
13 229
14 306
15 488
16 646
17 913
18 1259
19 1642
20 1942
21 2117
22 2110
23 1793
24 1439
25 996
26 665
27 380
28 247
29 157
30 87
31 41
32 23
33 14
34 7
35 5
36 3
37 2
38 0
39 0
40 0
41 0
42 0
43 0
44 0
45 0
46 0
47 0
48 0
49 0
50 0
51 0
52 0
53 0
54 0
55 0
56 0
57 0
58 0
59 0
60 0
61 0
62 0
63 0
64 0
65 0
66 0
67 0
68 0
69 0
70 0
71 0
72 0
73 0
74 0
75 0
76 0
77 0
78 0
79 0
80 0
81 0
82 0
83 0
84 0
85 0
86 0
87 0
88 0
89 0
90 0
91 0
92 0
93 0
94 0
95 0
96 0
97 0
98 0
99 0
