0 0
1 0
2 0
3 0
4 0
5 0
6 2
7 2
8 4
9 6
10 11
11 11
12 17
13 19
14 28
15 34
16 53
17 70
18 108
19 153
20 234
21 342
22 491
23 636
24 814
25 973
26 1128
27 1225
28 1325
29 1390
30 1443
31 1467
32 1477
33 1484
34 1494
35 1496
36 1500
37 1500
38 1500
39 1500
40 1500
41 1500
42 1500
43 1500
44 1500
45 1500
46 1500
47 1500
48 1500
49 1500
50 1500
51 1500
52 1500
53 1500
54 1500
55 1500
56 1500
57 1500
58 1500
59 1500
60 1500
61 1500
62 1500
63 1500
64 1500
65 1500
66 1500
67 1500
68 1500
69 1500
70 1500
71 1500
72 1500
73 1500
74 1500
75 1500
76 1500
77 1500
78 1500
79 1500
80 1500
81 1500
82 1500
83 1500
84 1500
85 1500
86 1500
87 1500
88 1500
89 1500
90 1500
91 1500
92 1500
93 1500
94 1500
95 1500
96 1500
97 1500
98 1500
99 1500
