0 0
1 0
2 1
3 1
4 2038
5 2548
6 8161
7 9510
8 9836
9 9928
10 9952
11 9960
12 9962
13 9962
14 9962
15 9962
16 9962
17 9962
18 9962
19 9962
20 9962
21 9962
22 9962
23 9962
24 9962
25 9962
26 9962
27 9962
28 9962
29 9962
30 9962
31 9962
32 9962
33 9962
34 9962
35 9962
36 9962
37 9962
38 9962
39 9962
40 9962
41 9962
42 9962
43 9962
44 9962
45 9962
46 9962
47 9962
48 9962
49 9962
50 9962
51 9962
52 9962
53 9962
54 9962
55 9962
56 9962
57 9962
58 9962
59 9962
60 9962
61 9962
62 9962
63 9962
64 9962
65 9962
66 9962
67 9962
68 9962
69 9962
70 9962
71 9962
72 9962
73 9962
74 9962
75 9962
76 9962
77 9962
78 9962
79 9962
80 9962
81 9962
82 9962
83 9962
84 9962
85 9962
86 9962
87 9962
88 9962
89 9962
90 9962
91 9962
92 9962
93 9962
94 9962
95 9962
96 9962
97 9962
98 9962
99 9962
