0 0
1 1
2 0
3 2
4 0
5 2
6 0
7 4
8 1
9 8
10 4
11 15
12 8
13 24
14 15
15 35
16 25
17 58
18 45
19 105
20 97
21 175
22 174
23 299
24 297
25 478
26 473
27 703
28 646
29 870
30 770
31 896
32 761
33 738
34 581
35 513
36 364
37 329
38 196
39 172
40 93
41 98
42 52
43 41
44 29
45 15
46 9
47 7
48 6
49 3
50 3
51 2
52 0
53 1
54 0
55 0
56 0
57 0
58 0
59 0
60 0
61 0
62 0
63 0
64 0
65 0
66 0
67 0
68 0
69 0
70 0
71 0
72 0
73 0
74 0
75 0
76 0
77 0
78 0
79 0
80 0
81 0
82 0
83 0
84 0
85 0
86 0
87 0
88 0
89 0
90 0
91 0
92 0
93 0
94 0
95 0
96 0
97 0
98 0
99 0
