0 0
1 0
2 1
3 1
4 3
5 3
6 5
7 5
8 8
9 8
10 12
11 13
12 25
13 30
14 50
15 64
16 87
17 108
18 152
19 187
20 261
21 333
22 469
23 600
24 825
25 1029
26 1378
27 1726
28 2257
29 2725
30 3390
31 3957
32 4626
33 5213
34 5774
35 6210
36 6596
37 6852
38 7096
39 7235
40 7374
41 7426
42 7500
43 7542
44 7572
45 7594
46 7606
47 7611
48 7616
49 7622
50 7625
51 7627
52 7629
53 7629
54 7630
55 7630
56 7630
57 7630
58 7630
59 7630
60 7630
61 7630
62 7630
63 7630
64 7630
65 7630
66 7630
67 7630
68 7630
69 7630
70 7630
71 7630
72 7630
73 7630
74 7630
75 7630
76 7630
77 7630
78 7630
79 7630
80 7630
81 7630
82 7630
83 7630
84 7630
85 7630
86 7630
87 7630
88 7630
89 7630
90 7630
91 7630
92 7630
93 7630
94 7630
95 7630
96 7630
97 7630
98 7630
99 7630
