0 1
1 2
2 2
3 2
4 2
5 4
6 4
7 7
8 7
9 12
10 17
11 26
12 32
13 45
14 47
15 67
16 86
17 127
18 161
19 216
20 287
21 393
22 479
23 608
24 730
25 924
26 1054
27 1171
28 1264
29 1263
30 1229
31 1100
32 970
33 772
34 607
35 460
36 332
37 226
38 175
39 118
40 86
41 59
42 49
43 26
44 14
45 9
46 7
47 7
48 6
49 4
50 1
51 1
52 1
53 0
54 0
55 0
56 0
57 0
58 0
59 0
60 0
61 0
62 0
63 0
64 0
65 0
66 0
67 0
68 0
69 0
70 0
71 0
72 0
73 0
74 0
75 0
76 0
77 0
78 0
79 0
80 0
81 0
82 0
83 0
84 0
85 0
86 0
87 0
88 0
89 0
90 0
91 0
92 0
93 0
94 0
95 0
96 0
97 0
98 0
99 0
