0 0
1 0
2 0
3 0
4 0
5 0
6 0
7 0
8 0
9 0
10 0
11 0
12 0
13 0
14 0
15 0
16 0
17 0
18 1
19 1
20 1
21 1
22 3
23 3
24 3
25 3
26 4
27 5
28 6
29 10
30 13
31 15
32 15
33 17
34 17
35 17
36 19
37 19
38 19
39 19
40 19
41 20
42 20
43 20
44 20
45 20
46 20
47 20
48 20
49 20
50 20
51 20
52 20
53 20
54 20
55 20
56 20
57 20
58 20
59 20
60 20
61 20
62 20
63 20
64 20
65 20
66 20
67 20
68 20
69 20
70 20
71 20
72 20
73 20
74 20
75 20
76 20
77 20
78 20
79 20
80 20
81 20
82 20
83 20
84 20
85 20
86 20
87 20
88 20
89 20
90 20
91 20
92 20
93 20
94 20
95 20
96 20
97 20
98 20
99 20
