0 0
1 1
2 1
3 3
4 1
5 3
6 2
7 2
8 1
9 2
10 1
11 3
12 2
13 3
14 0
15 3
16 2
17 5
18 5
19 8
20 10
21 13
22 17
23 19
24 19
25 18
26 23
27 25
28 38
29 45
30 60
31 67
32 88
33 101
34 117
35 124
36 163
37 182
38 202
39 230
40 276
41 295
42 358
43 370
44 461
45 469
46 544
47 552
48 638
49 655
50 757
51 741
52 762
53 793
54 812
55 779
56 721
57 650
58 648
59 582
60 573
61 501
62 496
63 408
64 349
65 296
66 247
67 217
68 192
69 163
70 133
71 114
72 95
73 96
74 76
75 61
76 58
77 38
78 33
79 27
80 23
81 20
82 13
83 14
84 14
85 9
86 7
87 4
88 2
89 2
90 0
91 0
92 0
93 0
94 0
95 0
96 0
97 0
98 0
99 0
