0 0
1 0
2 0
3 0
4 2
5 2
6 3
7 4
8 5
9 5
10 6
11 6
12 7
13 8
14 11
15 11
16 12
17 13
18 14
19 16
20 17
21 20
22 23
23 28
24 36
25 47
26 56
27 70
28 78
29 93
30 111
31 136
32 162
33 189
34 232
35 287
36 329
37 392
38 473
39 553
40 640
41 749
42 866
43 1011
44 1140
45 1312
46 1508
47 1716
48 1953
49 2187
50 2437
51 2730
52 3049
53 3342
54 3645
55 3953
56 4304
57 4602
58 4860
59 5128
60 5361
61 5589
62 5765
63 5970
64 6142
65 6285
66 6413
67 6507
68 6594
69 6672
70 6742
71 6799
72 6843
73 6875
74 6913
75 6945
76 6966
77 6991
78 7010
79 7022
80 7033
81 7040
82 7049
83 7049
84 7053
85 7058
86 7062
87 7065
88 7067
89 7067
90 7069
91 7069
92 7069
93 7069
94 7069
95 7069
96 7069
97 7069
98 7069
99 7069
