0 1
1 2
2 2
3 2
4 2
5 1
6 1
7 1
8 1
9 2
10 2
11 2
12 2
13 3
14 3
15 4
16 5
17 6
18 8
19 9
20 13
21 14
22 16
23 20
24 25
25 30
26 38
27 44
28 56
29 66
30 80
31 89
32 105
33 127
34 148
35 167
36 190
37 219
38 246
39 268
40 318
41 346
42 386
43 416
44 468
45 506
46 559
47 594
48 636
49 664
50 650
51 694
52 672
53 631
54 595
55 542
56 513
57 487
58 448
59 391
60 341
61 307
62 252
63 220
64 178
65 155
66 136
67 120
68 95
69 81
70 67
71 62
72 56
73 40
74 38
75 26
76 22
77 22
78 15
79 12
80 8
81 5
82 5
83 4
84 2
85 2
86 0
87 0
88 0
89 0
90 0
91 0
92 0
93 0
94 0
95 0
96 0
97 0
98 0
99 0
