0 0
1 0
2 0
3 0
4 0
5 0
6 0
7 0
8 0
9 0
10 0
11 0
12 0
13 0
14 0
15 0
16 0
17 0
18 0
19 0
20 0
21 0
22 0
23 0
24 1
25 2
26 2
27 2
28 3
29 3
30 4
31 4
32 5
33 6
34 11
35 12
36 16
37 16
38 23
39 26
40 28
41 33
42 38
43 42
44 47
45 58
46 64
47 77
48 84
49 97
50 117
51 132
52 150
53 162
54 176
55 196
56 203
57 218
58 233
59 247
60 255
61 258
62 269
63 277
64 291
65 294
66 300
67 306
68 310
69 315
70 316
71 318
72 320
73 322
74 325
75 327
76 328
77 330
78 331
79 332
80 333
81 333
82 335
83 335
84 335
85 335
86 335
87 335
88 335
89 335
90 335
91 335
92 335
93 335
94 335
95 335
96 335
97 335
98 335
99 335
