0 0
1 0
2 1
3 1
4 2175
5 3099
6 6228
7 7470
8 7974
9 8174
10 8248
11 8280
12 8301
13 8308
14 8309
15 8309
16 8309
17 8309
18 8309
19 8309
20 8309
21 8309
22 8309
23 8309
24 8309
25 8309
26 8309
27 8309
28 8309
29 8309
30 8309
31 8309
32 8309
33 8309
34 8309
35 8309
36 8309
37 8309
38 8309
39 8309
40 8309
41 8309
42 8309
43 8309
44 8309
45 8309
46 8309
47 8309
48 8309
49 8309
50 8309
51 8309
52 8309
53 8309
54 8309
55 8309
56 8309
57 8309
58 8309
59 8309
60 8309
61 8309
62 8309
63 8309
64 8309
65 8309
66 8309
67 8309
68 8309
69 8309
70 8309
71 8309
72 8309
73 8309
74 8309
75 8309
76 8309
77 8309
78 8309
79 8309
80 8309
81 8309
82 8309
83 8309
84 8309
85 8309
86 8309
87 8309
88 8309
89 8309
90 8309
91 8309
92 8309
93 8309
94 8309
95 8309
96 8309
97 8309
98 8309
99 8309
