0 0
1 0
2 0
3 0
4 455
5 645
6 1266
7 1519
8 1618
9 1658
10 1673
11 1684
12 1684
13 1689
14 1690
15 1691
16 1691
17 1691
18 1691
19 1691
20 1691
21 1691
22 1691
23 1691
24 1691
25 1691
26 1691
27 1691
28 1691
29 1691
30 1691
31 1691
32 1691
33 1691
34 1691
35 1691
36 1691
37 1691
38 1691
39 1691
40 1691
41 1691
42 1691
43 1691
44 1691
45 1691
46 1691
47 1691
48 1691
49 1691
50 1691
51 1691
52 1691
53 1691
54 1691
55 1691
56 1691
57 1691
58 1691
59 1691
60 1691
61 1691
62 1691
63 1691
64 1691
65 1691
66 1691
67 1691
68 1691
69 1691
70 1691
71 1691
72 1691
73 1691
74 1691
75 1691
76 1691
77 1691
78 1691
79 1691
80 1691
81 1691
82 1691
83 1691
84 1691
85 1691
86 1691
87 1691
88 1691
89 1691
90 1691
91 1691
92 1691
93 1691
94 1691
95 1691
96 1691
97 1691
98 1691
99 1691
