0 0
1 1
2 1
3 1
4 1
5 2
6 2
7 3
8 4
9 6
10 5
11 6
12 7
13 11
14 11
15 17
16 16
17 20
18 27
19 21
20 35
21 31
22 57
23 47
24 77
25 62
26 99
27 84
28 141
29 118
30 173
31 150
32 230
33 179
34 252
35 228
36 276
37 263
38 303
39 293
40 313
41 291
42 284
43 279
44 274
45 258
46 254
47 213
48 210
49 192
50 168
51 161
52 137
53 115
54 120
55 89
56 95
57 66
58 69
59 56
60 52
61 37
62 32
63 28
64 24
65 24
66 17
67 11
68 12
69 4
70 6
71 5
72 7
73 4
74 6
75 1
76 3
77 2
78 3
79 1
80 3
81 0
82 2
83 1
84 0
85 0
86 0
87 0
88 0
89 0
90 0
91 0
92 0
93 0
94 0
95 0
96 0
97 0
98 0
99 0
