0 0
1 0
2 0
3 1
4 2
5 2
6 3
7 4
8 7
9 10
10 15
11 19
12 23
13 28
14 37
15 46
16 59
17 70
18 84
19 107
20 123
21 150
22 171
23 216
24 254
25 318
26 366
27 443
28 508
29 611
30 697
31 824
32 939
33 1107
34 1240
35 1432
36 1607
37 1803
38 2003
39 2229
40 2441
41 2676
42 2888
43 3100
44 3300
45 3499
46 3696
47 3885
48 4045
49 4202
50 4345
51 4473
52 4597
53 4699
54 4786
55 4876
56 4933
57 5008
58 5056
59 5106
60 5148
61 5185
62 5213
63 5238
64 5260
65 5275
66 5294
67 5305
68 5313
69 5324
70 5327
71 5330
72 5334
73 5339
74 5342
75 5348
76 5348
77 5349
78 5350
79 5353
80 5353
81 5356
82 5356
83 5357
84 5358
85 5358
86 5358
87 5358
88 5358
89 5358
90 5358
91 5358
92 5358
93 5358
94 5358
95 5358
96 5358
97 5358
98 5358
99 5358
