0 1
1 1
2 2
3 2
4 2
5 3
6 6
7 9
8 9
9 9
10 10
11 14
12 18
13 24
14 28
15 28
16 36
17 38
18 47
19 54
20 71
21 82
22 104
23 118
24 134
25 147
26 184
27 202
28 221
29 246
30 300
31 312
32 323
33 374
34 391
35 408
36 425
37 457
38 449
39 446
40 421
41 415
42 404
43 381
44 378
45 343
46 308
47 297
48 258
49 240
50 221
51 181
52 173
53 151
54 123
55 110
56 97
57 88
58 75
59 60
60 46
61 45
62 39
63 33
64 27
65 17
66 14
67 12
68 8
69 7
70 8
71 8
72 7
73 6
74 3
75 2
76 2
77 3
78 3
79 2
80 2
81 2
82 0
83 0
84 0
85 0
86 0
87 0
88 0
89 0
90 0
91 0
92 0
93 0
94 0
95 0
96 0
97 0
98 0
99 0
