0 0
1 0
2 0
3 0
4 0
5 0
6 0
7 0
8 0
9 0
10 0
11 0
12 0
13 0
14 0
15 0
16 1
17 1
18 1
19 1
20 1
21 2
22 2
23 2
24 3
25 3
26 3
27 3
28 3
29 3
30 3
31 4
32 4
33 4
34 4
35 4
36 4
37 6
38 6
39 7
40 7
41 8
42 10
43 11
44 12
45 14
46 14
47 16
48 17
49 17
50 17
51 17
52 17
53 18
54 18
55 18
56 19
57 19
58 19
59 19
60 19
61 19
62 20
63 20
64 20
65 20
66 20
67 20
68 20
69 20
70 20
71 20
72 20
73 20
74 20
75 20
76 20
77 20
78 20
79 20
80 20
81 20
82 20
83 20
84 20
85 20
86 20
87 20
88 20
89 20
90 20
91 20
92 20
93 20
94 20
95 20
96 20
97 20
98 20
99 20
