0 0
1 0
2 1
3 1
4 8
5 11
6 50
7 65
8 222
9 330
10 873
11 1257
12 2419
13 3249
14 4870
15 5966
16 7223
17 7903
18 8439
19 8751
20 8923
21 9016
22 9072
23 9087
24 9102
25 9108
26 9113
27 9117
28 9117
29 9117
30 9119
31 9119
32 9119
33 9119
34 9119
35 9119
36 9119
37 9119
38 9119
39 9119
40 9119
41 9119
42 9119
43 9119
44 9119
45 9119
46 9119
47 9119
48 9119
49 9119
50 9119
51 9119
52 9119
53 9119
54 9119
55 9119
56 9119
57 9119
58 9119
59 9119
60 9119
61 9119
62 9119
63 9119
64 9119
65 9119
66 9119
67 9119
68 9119
69 9119
70 9119
71 9119
72 9119
73 9119
74 9119
75 9119
76 9119
77 9119
78 9119
79 9119
80 9119
81 9119
82 9119
83 9119
84 9119
85 9119
86 9119
87 9119
88 9119
89 9119
90 9119
91 9119
92 9119
93 9119
94 9119
95 9119
96 9119
97 9119
98 9119
99 9119
