0 0
1 0
2 0
3 0
4 0
5 0
6 0
7 1
8 2
9 3
10 5
11 5
12 8
13 11
14 12
15 14
16 18
17 19
18 19
19 19
20 21
21 21
22 22
23 23
24 23
25 23
26 23
27 23
28 23
29 23
30 23
31 23
32 23
33 23
34 23
35 23
36 23
37 23
38 23
39 23
40 23
41 23
42 23
43 23
44 23
45 23
46 23
47 23
48 23
49 23
50 23
51 23
52 23
53 23
54 23
55 23
56 23
57 23
58 23
59 23
60 23
61 23
62 23
63 23
64 23
65 23
66 23
67 23
68 23
69 23
70 23
71 23
72 23
73 23
74 23
75 23
76 23
77 23
78 23
79 23
80 23
81 23
82 23
83 23
84 23
85 23
86 23
87 23
88 23
89 23
90 23
91 23
92 23
93 23
94 23
95 23
96 23
97 23
98 23
99 23
