0 0
1 0
2 1
3 1
4 514
5 750
6 5276
7 7033
8 7792
9 8085
10 8199
11 8240
12 8260
13 8269
14 8274
15 8274
16 8274
17 8275
18 8275
19 8275
20 8275
21 8275
22 8275
23 8275
24 8275
25 8275
26 8275
27 8275
28 8275
29 8275
30 8275
31 8275
32 8275
33 8275
34 8275
35 8275
36 8275
37 8275
38 8275
39 8275
40 8275
41 8275
42 8275
43 8275
44 8275
45 8275
46 8275
47 8275
48 8275
49 8275
50 8275
51 8275
52 8275
53 8275
54 8275
55 8275
56 8275
57 8275
58 8275
59 8275
60 8275
61 8275
62 8275
63 8275
64 8275
65 8275
66 8275
67 8275
68 8275
69 8275
70 8275
71 8275
72 8275
73 8275
74 8275
75 8275
76 8275
77 8275
78 8275
79 8275
80 8275
81 8275
82 8275
83 8275
84 8275
85 8275
86 8275
87 8275
88 8275
89 8275
90 8275
91 8275
92 8275
93 8275
94 8275
95 8275
96 8275
97 8275
98 8275
99 8275
