0 0
1 0
2 0
3 0
4 81
5 133
6 1082
7 1474
8 1612
9 1680
10 1710
11 1721
12 1724
13 1725
14 1725
15 1725
16 1725
17 1725
18 1725
19 1725
20 1725
21 1725
22 1725
23 1725
24 1725
25 1725
26 1725
27 1725
28 1725
29 1725
30 1725
31 1725
32 1725
33 1725
34 1725
35 1725
36 1725
37 1725
38 1725
39 1725
40 1725
41 1725
42 1725
43 1725
44 1725
45 1725
46 1725
47 1725
48 1725
49 1725
50 1725
51 1725
52 1725
53 1725
54 1725
55 1725
56 1725
57 1725
58 1725
59 1725
60 1725
61 1725
62 1725
63 1725
64 1725
65 1725
66 1725
67 1725
68 1725
69 1725
70 1725
71 1725
72 1725
73 1725
74 1725
75 1725
76 1725
77 1725
78 1725
79 1725
80 1725
81 1725
82 1725
83 1725
84 1725
85 1725
86 1725
87 1725
88 1725
89 1725
90 1725
91 1725
92 1725
93 1725
94 1725
95 1725
96 1725
97 1725
98 1725
99 1725
