0 0
1 0
2 0
3 0
4 647
5 1193
6 4660
7 6733
8 7922
9 8604
10 8999
11 9240
12 9379
13 9447
14 9489
15 9510
16 9521
17 9529
18 9538
19 9540
20 9542
21 9543
22 9543
23 9544
24 9544
25 9544
26 9545
27 9545
28 9545
29 9545
30 9545
31 9545
32 9545
33 9545
34 9545
35 9545
36 9545
37 9545
38 9545
39 9545
40 9545
41 9545
42 9545
43 9545
44 9545
45 9545
46 9545
47 9545
48 9545
49 9545
50 9545
51 9545
52 9545
53 9545
54 9545
55 9545
56 9545
57 9545
58 9545
59 9545
60 9545
61 9545
62 9545
63 9545
64 9545
65 9545
66 9545
67 9545
68 9545
69 9545
70 9545
71 9545
72 9545
73 9545
74 9545
75 9545
76 9545
77 9545
78 9545
79 9545
80 9545
81 9545
82 9545
83 9545
84 9545
85 9545
86 9545
87 9545
88 9545
89 9545
90 9545
91 9545
92 9545
93 9545
94 9545
95 9545
96 9545
97 9545
98 9545
99 9545
