0 0
1 0
2 0
3 0
4 26
5 50
6 222
7 326
8 372
9 413
10 435
11 444
12 450
13 453
14 454
15 454
16 455
17 455
18 455
19 455
20 455
21 455
22 455
23 455
24 455
25 455
26 455
27 455
28 455
29 455
30 455
31 455
32 455
33 455
34 455
35 455
36 455
37 455
38 455
39 455
40 455
41 455
42 455
43 455
44 455
45 455
46 455
47 455
48 455
49 455
50 455
51 455
52 455
53 455
54 455
55 455
56 455
57 455
58 455
59 455
60 455
61 455
62 455
63 455
64 455
65 455
66 455
67 455
68 455
69 455
70 455
71 455
72 455
73 455
74 455
75 455
76 455
77 455
78 455
79 455
80 455
81 455
82 455
83 455
84 455
85 455
86 455
87 455
88 455
89 455
90 455
91 455
92 455
93 455
94 455
95 455
96 455
97 455
98 455
99 455
