0 0
1 1
2 0
3 4
4 2
5 5
6 3
7 7
8 9
9 7
10 10
11 12
12 11
13 14
14 15
15 23
16 21
17 27
18 24
19 34
20 32
21 34
22 41
23 52
24 55
25 82
26 76
27 104
28 110
29 141
30 146
31 182
32 199
33 208
34 246
35 241
36 299
37 265
38 304
39 277
40 340
41 309
42 343
43 323
44 314
45 309
46 276
47 260
48 209
49 209
50 153
51 156
52 115
53 117
54 88
55 98
56 61
57 52
58 48
59 38
60 26
61 24
62 15
63 12
64 11
65 11
66 7
67 10
68 1
69 5
70 1
71 1
72 1
73 1
74 0
75 0
76 0
77 0
78 0
79 0
80 0
81 0
82 0
83 0
84 0
85 0
86 0
87 0
88 0
89 0
90 0
91 0
92 0
93 0
94 0
95 0
96 0
97 0
98 0
99 0
