0 0
1 0
2 1
3 1
4 3
5 5
6 8
7 11
8 12
9 20
10 25
11 32
12 41
13 51
14 62
15 74
16 87
17 101
18 126
19 145
20 168
21 197
22 225
23 257
24 295
25 333
26 395
27 453
28 534
29 618
30 726
31 831
32 965
33 1120
34 1277
35 1462
36 1639
37 1868
38 2076
39 2313
40 2518
41 2768
42 2997
43 3256
44 3502
45 3740
46 3979
47 4172
48 4377
49 4534
50 4695
51 4808
52 4926
53 5026
54 5118
55 5182
56 5257
57 5308
58 5345
59 5381
60 5410
61 5432
62 5452
63 5465
64 5475
65 5482
66 5491
67 5497
68 5507
69 5508
70 5512
71 5512
72 5512
73 5512
74 5513
75 5513
76 5513
77 5513
78 5513
79 5513
80 5513
81 5513
82 5513
83 5513
84 5513
85 5513
86 5513
87 5513
88 5513
89 5513
90 5513
91 5513
92 5513
93 5513
94 5513
95 5513
96 5513
97 5513
98 5513
99 5513
