0 1
1 4
2 4
3 5
4 6
5 8
6 10
7 9
8 14
9 17
10 17
11 21
12 25
13 32
14 31
15 31
16 42
17 51
18 50
19 52
20 67
21 79
22 85
23 107
24 121
25 143
26 174
27 202
28 228
29 254
30 293
31 318
32 362
33 376
34 416
35 432
36 443
37 457
38 480
39 489
40 482
41 502
42 476
43 471
44 440
45 383
46 331
47 311
48 264
49 224
50 194
51 179
52 165
53 137
54 113
55 81
56 75
57 59
58 44
59 38
60 31
61 21
62 19
63 16
64 12
65 14
66 10
67 6
68 5
69 0
70 0
71 0
72 0
73 0
74 0
75 0
76 0
77 0
78 0
79 0
80 0
81 0
82 0
83 0
84 0
85 0
86 0
87 0
88 0
89 0
90 0
91 0
92 0
93 0
94 0
95 0
96 0
97 0
98 0
99 0
