0 0
1 0
2 0
3 0
4 0
5 0
6 0
7 0
8 0
9 0
10 0
11 0
12 0
13 0
14 0
15 0
16 0
17 0
18 0
19 0
20 0
21 0
22 1
23 1
24 2
25 2
26 2
27 3
28 3
29 3
30 3
31 3
32 4
33 6
34 7
35 7
36 8
37 9
38 9
39 9
40 11
41 11
42 11
43 11
44 11
45 12
46 12
47 12
48 12
49 12
50 14
51 15
52 15
53 15
54 15
55 15
56 16
57 16
58 16
59 16
60 17
61 17
62 17
63 17
64 17
65 17
66 17
67 17
68 17
69 17
70 17
71 17
72 17
73 17
74 17
75 17
76 17
77 17
78 17
79 17
80 17
81 17
82 17
83 17
84 17
85 17
86 17
87 17
88 17
89 17
90 17
91 17
92 17
93 17
94 17
95 17
96 17
97 17
98 17
99 17
