0 0
1 0
2 0
3 1
4 15
5 23
6 200
7 327
8 1498
9 2394
10 4955
11 6639
12 7853
13 8620
14 9031
15 9285
16 9422
17 9502
18 9549
19 9578
20 9590
21 9600
22 9606
23 9609
24 9611
25 9611
26 9611
27 9611
28 9611
29 9612
30 9612
31 9612
32 9612
33 9612
34 9612
35 9612
36 9612
37 9612
38 9612
39 9612
40 9612
41 9612
42 9612
43 9612
44 9612
45 9612
46 9612
47 9612
48 9612
49 9612
50 9612
51 9612
52 9612
53 9612
54 9612
55 9612
56 9612
57 9612
58 9612
59 9612
60 9612
61 9612
62 9612
63 9612
64 9612
65 9612
66 9612
67 9612
68 9612
69 9612
70 9612
71 9612
72 9612
73 9612
74 9612
75 9612
76 9612
77 9612
78 9612
79 9612
80 9612
81 9612
82 9612
83 9612
84 9612
85 9612
86 9612
87 9612
88 9612
89 9612
90 9612
91 9612
92 9612
93 9612
94 9612
95 9612
96 9612
97 9612
98 9612
99 9612
