0 0
1 0
2 0
3 0
4 0
5 1
6 6
7 13
8 58
9 97
10 203
11 271
12 318
13 342
14 364
15 378
16 384
17 384
18 385
19 387
20 387
21 387
22 388
23 388
24 388
25 388
26 388
27 388
28 388
29 388
30 388
31 388
32 388
33 388
34 388
35 388
36 388
37 388
38 388
39 388
40 388
41 388
42 388
43 388
44 388
45 388
46 388
47 388
48 388
49 388
50 388
51 388
52 388
53 388
54 388
55 388
56 388
57 388
58 388
59 388
60 388
61 388
62 388
63 388
64 388
65 388
66 388
67 388
68 388
69 388
70 388
71 388
72 388
73 388
74 388
75 388
76 388
77 388
78 388
79 388
80 388
81 388
82 388
83 388
84 388
85 388
86 388
87 388
88 388
89 388
90 388
91 388
92 388
93 388
94 388
95 388
96 388
97 388
98 388
99 388
