0 0
1 1
2 1
3 3
4 4
5 10
6 12
7 29
8 37
9 88
10 132
11 311
12 438
13 905
14 1260
15 2303
16 2770
17 3641
18 3365
19 2742
20 1885
21 1247
22 788
23 479
24 298
25 177
26 97
27 54
28 29
29 19
30 9
31 5
32 4
33 2
34 1
35 0
36 0
37 0
38 0
39 0
40 0
41 0
42 0
43 0
44 0
45 0
46 0
47 0
48 0
49 0
50 0
51 0
52 0
53 0
54 0
55 0
56 0
57 0
58 0
59 0
60 0
61 0
62 0
63 0
64 0
65 0
66 0
67 0
68 0
69 0
70 0
71 0
72 0
73 0
74 0
75 0
76 0
77 0
78 0
79 0
80 0
81 0
82 0
83 0
84 0
85 0
86 0
87 0
88 0
89 0
90 0
91 0
92 0
93 0
94 0
95 0
96 0
97 0
98 0
99 0
