0 0
1 0
2 0
3 0
4 0
5 1
6 5
7 10
8 22
9 39
10 65
11 113
12 233
13 419
14 789
15 1306
16 2257
17 3340
18 4734
19 6125
20 7248
21 8001
22 8491
23 8809
24 8992
25 9113
26 9191
27 9231
28 9254
29 9264
30 9273
31 9277
32 9277
33 9279
34 9280
35 9281
36 9281
37 9281
38 9281
39 9281
40 9281
41 9281
42 9281
43 9281
44 9281
45 9281
46 9281
47 9281
48 9281
49 9281
50 9281
51 9281
52 9281
53 9281
54 9281
55 9281
56 9281
57 9281
58 9281
59 9281
60 9281
61 9281
62 9281
63 9281
64 9281
65 9281
66 9281
67 9281
68 9281
69 9281
70 9281
71 9281
72 9281
73 9281
74 9281
75 9281
76 9281
77 9281
78 9281
79 9281
80 9281
81 9281
82 9281
83 9281
84 9281
85 9281
86 9281
87 9281
88 9281
89 9281
90 9281
91 9281
92 9281
93 9281
94 9281
95 9281
96 9281
97 9281
98 9281
99 9281
