0 0
1 0
2 0
3 0
4 0
5 0
6 0
7 0
8 1
9 1
10 6
11 6
12 11
13 21
14 39
15 69
16 120
17 161
18 219
19 286
20 339
21 366
22 387
23 399
24 408
25 411
26 415
27 418
28 420
29 420
30 421
31 421
32 422
33 422
34 422
35 422
36 422
37 422
38 422
39 422
40 422
41 422
42 422
43 422
44 422
45 422
46 422
47 422
48 422
49 422
50 422
51 422
52 422
53 422
54 422
55 422
56 422
57 422
58 422
59 422
60 422
61 422
62 422
63 422
64 422
65 422
66 422
67 422
68 422
69 422
70 422
71 422
72 422
73 422
74 422
75 422
76 422
77 422
78 422
79 422
80 422
81 422
82 422
83 422
84 422
85 422
86 422
87 422
88 422
89 422
90 422
91 422
92 422
93 422
94 422
95 422
96 422
97 422
98 422
99 422
