0 0
1 0
2 1
3 1
4 468
5 565
6 7668
7 9396
8 9804
9 9919
10 9953
11 9961
12 9963
13 9963
14 9963
15 9963
16 9963
17 9963
18 9963
19 9963
20 9963
21 9963
22 9963
23 9963
24 9963
25 9963
26 9963
27 9963
28 9963
29 9963
30 9963
31 9963
32 9963
33 9963
34 9963
35 9963
36 9963
37 9963
38 9963
39 9963
40 9963
41 9963
42 9963
43 9963
44 9963
45 9963
46 9963
47 9963
48 9963
49 9963
50 9963
51 9963
52 9963
53 9963
54 9963
55 9963
56 9963
57 9963
58 9963
59 9963
60 9963
61 9963
62 9963
63 9963
64 9963
65 9963
66 9963
67 9963
68 9963
69 9963
70 9963
71 9963
72 9963
73 9963
74 9963
75 9963
76 9963
77 9963
78 9963
79 9963
80 9963
81 9963
82 9963
83 9963
84 9963
85 9963
86 9963
87 9963
88 9963
89 9963
90 9963
91 9963
92 9963
93 9963
94 9963
95 9963
96 9963
97 9963
98 9963
99 9963
