0 0
1 0
2 0
3 0
4 6
5 8
6 47
7 70
8 236
9 393
10 998
11 1570
12 3016
13 4183
14 5883
15 7102
16 8059
17 8685
18 9038
19 9232
20 9356
21 9431
22 9470
23 9500
24 9516
25 9523
26 9525
27 9529
28 9533
29 9534
30 9535
31 9536
32 9537
33 9537
34 9537
35 9537
36 9537
37 9537
38 9537
39 9537
40 9537
41 9537
42 9537
43 9537
44 9537
45 9537
46 9537
47 9537
48 9537
49 9537
50 9537
51 9537
52 9537
53 9537
54 9537
55 9537
56 9537
57 9537
58 9537
59 9537
60 9537
61 9537
62 9537
63 9537
64 9537
65 9537
66 9537
67 9537
68 9537
69 9537
70 9537
71 9537
72 9537
73 9537
74 9537
75 9537
76 9537
77 9537
78 9537
79 9537
80 9537
81 9537
82 9537
83 9537
84 9537
85 9537
86 9537
87 9537
88 9537
89 9537
90 9537
91 9537
92 9537
93 9537
94 9537
95 9537
96 9537
97 9537
98 9537
99 9537
