0 0
1 0
2 0
3 0
4 0
5 0
6 1
7 2
8 7
9 14
10 50
11 76
12 127
13 184
14 255
15 307
16 354
17 387
18 402
19 414
20 420
21 422
22 422
23 422
24 422
25 422
26 422
27 422
28 422
29 422
30 422
31 422
32 422
33 422
34 422
35 422
36 422
37 422
38 422
39 422
40 422
41 422
42 422
43 422
44 422
45 422
46 422
47 422
48 422
49 422
50 422
51 422
52 422
53 422
54 422
55 422
56 422
57 422
58 422
59 422
60 422
61 422
62 422
63 422
64 422
65 422
66 422
67 422
68 422
69 422
70 422
71 422
72 422
73 422
74 422
75 422
76 422
77 422
78 422
79 422
80 422
81 422
82 422
83 422
84 422
85 422
86 422
87 422
88 422
89 422
90 422
91 422
92 422
93 422
94 422
95 422
96 422
97 422
98 422
99 422
