0 0
1 1
2 1
3 3
4 2
5 10
6 11
7 36
8 38
9 119
10 155
11 401
12 471
13 1178
14 1403
15 2733
16 2856
17 3704
18 3118
19 2506
20 1679
21 1077
22 689
23 400
24 245
25 146
26 86
27 56
28 36
29 25
30 17
31 12
32 8
33 5
34 0
35 0
36 0
37 0
38 0
39 0
40 0
41 0
42 0
43 0
44 0
45 0
46 0
47 0
48 0
49 0
50 0
51 0
52 0
53 0
54 0
55 0
56 0
57 0
58 0
59 0
60 0
61 0
62 0
63 0
64 0
65 0
66 0
67 0
68 0
69 0
70 0
71 0
72 0
73 0
74 0
75 0
76 0
77 0
78 0
79 0
80 0
81 0
82 0
83 0
84 0
85 0
86 0
87 0
88 0
89 0
90 0
91 0
92 0
93 0
94 0
95 0
96 0
97 0
98 0
99 0
