0 0
1 0
2 0
3 1
4 3
5 4
6 7
7 12
8 28
9 49
10 85
11 153
12 329
13 515
14 988
15 1553
16 2669
17 3839
18 5271
19 6533
20 7537
21 8201
22 8610
23 8903
24 9057
25 9149
26 9205
27 9237
28 9258
29 9269
30 9276
31 9281
32 9285
33 9288
34 9293
35 9293
36 9293
37 9293
38 9293
39 9293
40 9293
41 9293
42 9293
43 9293
44 9293
45 9293
46 9293
47 9293
48 9293
49 9293
50 9293
51 9293
52 9293
53 9293
54 9293
55 9293
56 9293
57 9293
58 9293
59 9293
60 9293
61 9293
62 9293
63 9293
64 9293
65 9293
66 9293
67 9293
68 9293
69 9293
70 9293
71 9293
72 9293
73 9293
74 9293
75 9293
76 9293
77 9293
78 9293
79 9293
80 9293
81 9293
82 9293
83 9293
84 9293
85 9293
86 9293
87 9293
88 9293
89 9293
90 9293
91 9293
92 9293
93 9293
94 9293
95 9293
96 9293
97 9293
98 9293
99 9293
