0 0
1 0
2 0
3 0
4 0
5 0
6 1
7 1
8 1
9 1
10 3
11 3
12 11
13 18
14 45
15 67
16 133
17 176
18 237
19 287
20 324
21 356
22 375
23 384
24 392
25 401
26 406
27 406
28 406
29 406
30 407
31 407
32 407
33 407
34 407
35 407
36 407
37 407
38 407
39 407
40 407
41 407
42 407
43 407
44 407
45 407
46 407
47 407
48 407
49 407
50 407
51 407
52 407
53 407
54 407
55 407
56 407
57 407
58 407
59 407
60 407
61 407
62 407
63 407
64 407
65 407
66 407
67 407
68 407
69 407
70 407
71 407
72 407
73 407
74 407
75 407
76 407
77 407
78 407
79 407
80 407
81 407
82 407
83 407
84 407
85 407
86 407
87 407
88 407
89 407
90 407
91 407
92 407
93 407
94 407
95 407
96 407
97 407
98 407
99 407
