0 0
1 0
2 1
3 1
4 2830
5 4469
6 6608
7 7847
8 8583
9 8974
10 9237
11 9375
12 9446
13 9479
14 9507
15 9531
16 9542
17 9549
18 9552
19 9555
20 9557
21 9557
22 9557
23 9557
24 9558
25 9558
26 9558
27 9558
28 9558
29 9558
30 9558
31 9558
32 9558
33 9558
34 9558
35 9558
36 9558
37 9558
38 9558
39 9558
40 9558
41 9558
42 9558
43 9558
44 9558
45 9558
46 9558
47 9558
48 9558
49 9558
50 9558
51 9558
52 9558
53 9558
54 9558
55 9558
56 9558
57 9558
58 9558
59 9558
60 9558
61 9558
62 9558
63 9558
64 9558
65 9558
66 9558
67 9558
68 9558
69 9558
70 9558
71 9558
72 9558
73 9558
74 9558
75 9558
76 9558
77 9558
78 9558
79 9558
80 9558
81 9558
82 9558
83 9558
84 9558
85 9558
86 9558
87 9558
88 9558
89 9558
90 9558
91 9558
92 9558
93 9558
94 9558
95 9558
96 9558
97 9558
98 9558
99 9558
